,PEOU_plan,PU_plan,BI_plan,AU_plan,AI_Literacy,Facilitating_Conditions,AU_overall,AUM_overall
PEOU_plan,1.0,0.738,0.705,0.723,0.233,0.374,0.615,0.59
PU_plan,0.738,1.0,0.881,0.846,0.249,0.333,0.785,0.667
BI_plan,0.705,0.881,1.0,0.816,0.218,0.398,0.771,0.649
AU_plan,0.723,0.846,0.816,1.0,0.13,0.274,0.804,0.641
AI_Literacy,0.233,0.249,0.218,0.13,1.0,0.432,0.135,0.348
Facilitating_Conditions,0.374,0.333,0.398,0.274,0.432,1.0,0.464,0.421
AU_overall,0.615,0.785,0.771,0.804,0.135,0.464,1.0,0.736
AUM_overall,0.59,0.667,0.649,0.641,0.348,0.421,0.736,1.0
